18.2496  42.6109  -4.24869
18.2496  42.6109  -1.67554
18.2496  42.611  0.897612
18.2496  42.611  3.47076
18.2496  42.611  3.50155
18.2497  42.611  6.2596
18.2497  42.6111  9.01765
18.2497  42.6111  51.7413
18.2497  42.6111  54.2027
18.2497  42.6112  56.6641
18.2498  42.6112  59.1254
18.2498  42.6112  61.5868
18.2498  42.6113  64.0482
18.2498  42.6113  66.5096
18.2498  42.6113  68.9709
18.2498  42.6113  -inf
18.2499  42.6114  -inf
18.2499  42.6114  -inf
18.2499  42.6114  inf
18.2499  42.6115  inf
18.2499  42.6115  2.55215
18.25  42.6115  3.66942
18.25  42.6116  32.4459
18.25  42.6116  48.1806
18.25  42.6116  56.5521
18.25  42.6117  50.7399
18.2501  42.6117  61.6197
18.2501  42.6117  72.4994
18.2501  42.6117  109.611
18.2501  42.6118  113.123
18.2501  42.6118  116.636
18.2502  42.6118  120.148
18.2502  42.6119  123.66
18.2502  42.6119  127.173
18.2502  42.6119  145.619
18.2502  42.612  148.501
18.2502  42.612  16.3458
18.2503  42.612  -2.9675
18.2503  42.612  -22.2808
18.2503  42.6121  113.284
18.2503  42.6121  110.102
18.2503  42.6121  257.355
18.2504  42.6122  250.845
18.2504  42.6122  244.335
18.2504  42.6122  253.671
18.2504  42.6123  236.757
18.2504  42.6123  219.842
18.2505  42.6123  202.927
18.2505  42.6124  224.879
18.2505  42.6124  181.046
18.2505  42.6124  89.3743
18.2505  42.6124  128.293
18.2506  42.6125  167.212
18.2506  42.6125  177.711
18.2506  42.6125  172.256
18.2506  42.6126  166.8
18.2506  42.6126  161.345
18.2506  42.6126  144.302
18.2507  42.6127  179.051
18.2507  42.6127  246.54
18.2507  42.6127  253.431
18.2507  42.6128  260.322
18.2507  42.6128  329.713
18.2508  42.6128  285.22
18.2508  42.6128  258.03
18.2508  42.6129  230.839
18.2508  42.6129  203.649
18.2508  42.6129  176.458
18.2509  42.613  149.268
18.2509  42.613  123.154
18.2509  42.613  261.908
18.2509  42.6131  281.476
18.2509  42.6131  215.197
18.251  42.6131  214.43
18.251  42.6131  218.353
18.251  42.6132  222.275
18.251  42.6132  226.198
18.251  42.6132  230.12
18.251  42.6133  252.256
18.2511  42.6133  243.723
18.2511  42.6133  227.492
18.2511  42.6134  211.345
18.2511  42.6134  195.199
18.2511  42.6134  111.88
18.2512  42.6135  86.7879
18.2512  42.6135  160.704
18.2512  42.6135  135.223
18.2512  42.6135  109.742
18.2512  42.6136  170.336
18.2513  42.6136  160.578
18.2513  42.6136  150.82
18.2513  42.6137  141.062
18.2513  42.6137  203.195
18.2513  42.6137  253.341
18.2514  42.6138  247.023
18.2514  42.6138  240.705
18.2514  42.6138  234.386
18.2514  42.6138  228.068
18.2514  42.6139  1245.56
18.2514  42.6139  1107.57
18.2515  42.6139  958.5
18.2515  42.614  825.324
18.2515  42.614  692.147
18.2515  42.614  541.757
18.2515  42.6141  201.1
18.2516  42.6141  270.531
18.2516  42.6141  134.917
18.2516  42.6142  -149.269
18.2516  42.6142  -165.696
18.2516  42.6142  -296.94
18.2517  42.6142  -487.634
18.2517  42.6143  -607.521
18.2517  42.6143  164.557
18.2517  42.6143  170.726
18.2517  42.6144  176.896
18.2518  42.6144  236.462
18.2518  42.6144  227.036
18.2518  42.6145  217.61
18.2518  42.6145  266.707
18.2518  42.6145  266
18.2518  42.6146  155.232
18.2519  42.6146  157.03
18.2519  42.6146  158.828
18.2519  42.6146  160.626
18.2519  42.6147  162.425
18.2519  42.6147  164.223
18.252  42.6147  166.021
18.252  42.6148  167.819
18.252  42.6148  343.981
18.252  42.6148  349.776
18.252  42.6149  362.182
18.2521  42.6149  355.724
18.2521  42.6149  349.267
18.2521  42.6149  185.132
18.2521  42.615  182.59
18.2521  42.615  187.948
18.2522  42.615  188.136
18.2522  42.6151  192.94
18.2522  42.6151  189.435
18.2522  42.6151  311.873
18.2522  42.6152  256.68
18.2522  42.6152  201.488
18.2523  42.6152  146.296
18.2523  42.6153  91.1034
18.2523  42.6153  142.564
18.2523  42.6153  123.448
18.2523  42.6153  143.074
18.2524  42.6154  160.227
18.2524  42.6154  172.453
18.2524  42.6154  192.656
18.2524  42.6155  172.772
18.2524  42.6155  158.6
18.2525  42.6155  160.778
18.2525  42.6156  143.427
18.2525  42.6156  inf
18.2525  42.6156  108.699
18.2525  42.6157  63.5822
18.2526  42.6157  105.701
18.2526  42.6157  104.202
18.2526  42.6157  147
18.2526  42.6158  191.152
18.2526  42.6158  114.185
18.2526  42.6158  16.9693
18.2527  42.6159  34.902
18.2527  42.6159  35.0576
18.2527  42.6159  35.2131
18.2527  42.616  35.3687
18.2527  42.616  35.5242
18.2528  42.616  86.3819
18.2528  42.616  97.9507
18.2528  42.6161  131.239
18.2528  42.6161  161.536
18.2528  42.6161  128.283
18.2529  42.6162  126.805
18.2529  42.6162  36.2566
18.2529  42.6162  66.0236
18.2529  42.6163  79.1689
18.2529  42.6163  113.518
18.253  42.6163  147.867
18.253  42.6164  183.008
18.253  42.6164  12.417
18.253  42.6164  112.653
18.253  42.6164  115.867
18.253  42.6165  -28.2087
18.2531  42.6165  25.6395
18.2531  42.6165  104.052
18.2531  42.6166  61.5312
18.2531  42.6166  -inf
18.2531  42.6166  -inf
18.2532  42.6167  inf
18.2532  42.6167  122.951
18.2532  42.6167  363.276
18.2532  42.6167  136.429
18.2532  42.6168  160.357
18.2533  42.6168  387.33
18.2533  42.6168  390.959
18.2533  42.6169  124.335
18.2533  42.6169  203.437
18.2533  42.6169  282.539
18.2534  42.617  361.641
18.2534  42.617  440.743
18.2534  42.617  453.571
18.2534  42.6171  622.619
18.2534  42.6171  439.744
18.2535  42.6171  452.347
18.2535  42.6171  679.642
18.2535  42.6172  776.23
18.2535  42.6172  682.492
18.2535  42.6172  182.9
18.2535  42.6173  inf
18.2536  42.6173  998.667
18.2536  42.6173  1119.15
18.2536  42.6174  1234.13
18.2536  42.6174  1294.2
18.2536  42.6174  1521.02
18.2537  42.6175  1322.74
18.2537  42.6175  1042.75
18.2537  42.6175  1320.9
18.2537  42.6175  1602.96
18.2537  42.6176  1940.52
18.2538  42.6176  1783.89
18.2538  42.6176  1572.68
18.2538  42.6177  1539.34
18.2538  42.6177  1414.57
18.2538  42.6177  1366.75
18.2539  42.6178  1198.2
18.2539  42.6178  1101.01
18.2539  42.6178  1010.54
18.2539  42.6178  1001.11
18.2539  42.6179  inf
18.2539  42.6179  767.857
18.254  42.6179  603.213
18.254  42.618  506.671
18.254  42.618  512.159
18.254  42.618  393.071
18.254  42.6181  746.616
18.2541  42.6181  320.791
18.2541  42.6181  436.334
18.2541  42.6182  318.726
18.2541  42.6182  132.257
18.2541  42.6182  48.8894
18.2542  42.6182  120.634
18.2542  42.6183  144.045
18.2542  42.6183  224.309
18.2542  42.6183  306.942
18.2542  42.6184  231.461
18.2543  42.6184  400.102
18.2543  42.6184  inf
18.2543  42.6185  217.454
18.2543  42.6185  167.374
18.2543  42.6185  169.173
18.2543  42.6185  170.971
18.2544  42.6186  165.712
18.2544  42.6186  154.425
18.2544  42.6186  143.137
18.2544  42.6187  48.2383
18.2544  42.6187  69.9911
18.2545  42.6187  92.7391
18.2545  42.6188  126.017
18.2545  42.6188  144.233
18.2545  42.6188  213.924
18.2545  42.6189  112.094
18.2546  42.6189  77.4163
18.2546  42.6189  108.573
18.2546  42.6189  66.3549
18.2546  42.619  88.3429
18.2546  42.619  68.4061
18.2547  42.619  93.4808
18.2547  42.6191  19.5499
18.2547  42.6191  40.4862
18.2547  42.6191  -12.745
18.2547  42.6192  -40.8519
18.2547  42.6192  86.5787
18.2548  42.6192  61.2946
18.2548  42.6193  57.8115
18.2548  42.6193  76.6381
18.2548  42.6193  -43.6654
18.2548  42.6193  91.8183
18.2549  42.6194  149.298
18.2549  42.6194  197.049
18.2549  42.6194  169.669
18.2549  42.6195  142.062
18.2549  42.6195  275.898
18.255  42.6195  86.6576
18.255  42.6196  23.0344
18.255  42.6196  40.1562
18.255  42.6196  273.507
18.255  42.6196  278.826
18.2551  42.6197  319.872
18.2551  42.6197  284.584
18.2551  42.6197  387.74
18.2551  42.6198  360.887
18.2551  42.6198  356.317
18.2551  42.6198  357.954
18.2552  42.6199  361.621
18.2552  42.6199  324.965
18.2552  42.6199  283.286
18.2552  42.62  126.209
18.2552  42.62  268.716
18.2553  42.62  276.709
18.2553  42.62  247.001
18.2553  42.6201  249.93
18.2553  42.6201  252.859
18.2553  42.6201  264.944
18.2554  42.6202  242.166
18.2554  42.6202  258.221
18.2554  42.6202  342.991
18.2554  42.6203  237.991
18.2554  42.6203  110.537
18.2555  42.6203  63.3909
18.2555  42.6203  66.3293
18.2555  42.6204  nan
18.2555  42.6204  inf
18.2555  42.6204  inf
18.2555  42.6205  inf
18.2556  42.6205  inf
18.2556  42.6205  42.0639
18.2556  42.6206  47.8487
18.2556  42.6206  0.0622745
18.2556  42.6206  190.559
18.2557  42.6207  139.432
18.2557  42.6207  113.439
18.2557  42.6207  56.611
18.2557  42.6207  28.5881
18.2557  42.6208  0.565192
18.2558  42.6208  -27.4577
18.2558  42.6208  -55.4807
18.2558  42.6209  -83.5036
18.2558  42.6209  -184.619
18.2558  42.6209  -225.077
18.2559  42.621  -226.239
18.2559  42.621  -50.8195
18.2559  42.621  -49.8857
18.2559  42.6211  -48.9519
18.2559  42.6211  -48.0181
18.2559  42.6211  -39.6612
18.256  42.6211  -28.3208
18.256  42.6212  -16.9803
18.256  42.6212  36.855
18.256  42.6212  37.6739
18.256  42.6213  38.4927
18.2561  42.6213  39.3116
18.2561  42.6213  -60.2264
18.2561  42.6214  -82.3257
18.2561  42.6214  -104.425
18.2561  42.6214  -126.524
18.2562  42.6214  -148.624
18.2562  42.6215  -170.723
18.2562  42.6215  -192.823
18.2562  42.6215  -214.922
18.2562  42.6216  -237.021
18.2563  42.6216  -154.533
18.2563  42.6216  -159.032
18.2563  42.6217  -164.337
18.2563  42.6217  -92.2502
18.2563  42.6217  -79.382
18.2563  42.6218  -123.276
18.2564  42.6218  -138.652
18.2564  42.6218  -154.027
18.2564  42.6218  -169.403
18.2564  42.6219  -184.779
18.2564  42.6219  -200.155
18.2565  42.6219  -215.53
18.2565  42.622  -230.906
18.2565  42.622  -246.282
18.2565  42.622  -261.658
18.2565  42.6221  -277.034
18.2566  42.6221  -220.555
18.2566  42.6221  -232.523
18.2566  42.6222  -244.492
18.2566  42.6222  -256.46
18.2566  42.6222  -1999.94
18.2567  42.6222  -2029.41
18.2567  42.6223  -2058.88
18.2567  42.6223  -2111.27
18.2567  42.6223  -350.465
18.2567  42.6224  -363.557
18.2568  42.6224  -376.65
18.2568  42.6224  -389.743
18.2568  42.6225  -402.835
18.2568  42.6225  -415.928
18.2568  42.6225  -429.021
18.2568  42.6225  -442.113
18.2569  42.6226  -597.828
18.2569  42.6226  -604.566
18.2569  42.6226  -611.305
18.2569  42.6227  -618.043
18.2569  42.6227  -624.781
18.257  42.6227  -631.519
18.257  42.6228  -638.258
18.257  42.6228  -644.996
18.257  42.6228  inf
18.257  42.6229  inf
18.2571  42.6229  inf
18.2571  42.6229  -315.897
18.2571  42.6229  138.468
18.2571  42.623  -297.945
18.2571  42.623  -304.549
18.2572  42.623  -311.153
18.2572  42.6231  -317.756
18.2572  42.6231  -324.36
18.2572  42.6231  -330.963
18.2572  42.6232  -358.399
18.2572  42.6232  -365.346
18.2573  42.6232  -493.712
18.2573  42.6232  -448.054
18.2573  42.6233  -458.776
18.2573  42.6233  -469.497
18.2573  42.6233  -480.219
18.2574  42.6234  -490.941
18.2574  42.6234  -384.848
18.2574  42.6234  -391.608
18.2574  42.6235  -398.367
18.2574  42.6235  -452.303
18.2575  42.6235  -529.065
18.2575  42.6236  -298.133
18.2575  42.6236  -289.683
18.2575  42.6236  -281.234
18.2575  42.6236  -272.785
18.2576  42.6237  -264.335
18.2576  42.6237  -255.886
18.2576  42.6237  -247.437
18.2576  42.6238  -238.987
18.2576  42.6238  -230.538
18.2576  42.6238  -222.089
18.2577  42.6239  -213.639
18.2577  42.6239  -205.19
18.2577  42.6239  -196.74
18.2577  42.624  -188.291
18.2577  42.624  -179.842
18.2578  42.624  -171.392
18.2578  42.624  -162.943
18.2578  42.6241  -154.494
18.2578  42.6241  -146.044
18.2578  42.6241  -137.595
18.2579  42.6242  -129.146
18.2579  42.6242  -120.696
18.2579  42.6242  3495.54
18.2579  42.6243  3565.13
18.2579  42.6243  3586.67
18.258  42.6243  3608.21
18.258  42.6243  3629.75
18.258  42.6244  3651.3
18.258  42.6244  3672.84
18.258  42.6244  3694.38
18.258  42.6245  3715.92
18.2581  42.6245  3737.47
18.2581  42.6245  3759.01
18.2581  42.6246  3780.55
18.2581  42.6246  3802.09
18.2581  42.6246  3823.63
18.2582  42.6247  3891.88
18.2582  42.6247  3914.37
18.2582  42.6247  3936.87
18.2582  42.6247  328.872
18.2582  42.6248  329.007
18.2583  42.6248  353.075
18.2583  42.6248  356.544
18.2583  42.6249  357.305
18.2583  42.6249  358.067
18.2583  42.6249  358.828
18.2584  42.625  370.419
18.2584  42.625  371.332
18.2584  42.625  372.244
18.2584  42.625  373.157
18.2584  42.6251  374.069
18.2584  42.6251  374.981
18.2585  42.6251  394.025
18.2585  42.6252  395.208
18.2585  42.6252  396.391
18.2585  42.6252  397.574
18.2585  42.6253  398.758
18.2586  42.6253  404.3
18.2586  42.6253  405.536
18.2586  42.6254  406.772
18.2586  42.6254  408.008
18.2586  42.6254  409.243
18.2587  42.6254  410.479
18.2587  42.6255  420.282
18.2587  42.6255  421.598
18.2587  42.6255  422.914
18.2587  42.6256  424.23
18.2588  42.6256  425.546
18.2588  42.6256  426.863
18.2588  42.6257  428.179
18.2588  42.6257  429.495
18.2588  42.6257  430.811
18.2588  42.6258  432.127
18.2589  42.6258  433.444
18.2589  42.6258  434.76
18.2589  42.6258  -52.0622
18.2589  42.6259  -52.3764
18.2589  42.6259  -1262.17
18.259  42.6259  -1267.85
18.259  42.626  -1273.54
18.259  42.626  -1279.22
18.259  42.626  -1284.9
18.259  42.6261  -1290.59
18.2591  42.6261  -1279.85
18.2591  42.6261  -1285.21
